0 0 30
1 10 100
2 20 60
3 30 70
4 40 50
5 46 83
6 48 78
7 15 27
8 72 78
9 79 92
10 79 84
11 37 64
12 58 58
13 5 90
14 75 86
15 4 23
16 63 69
17 40 56
18 42 69
19 8 64
20 36 89
21 16 84
22 27 71
23 81 83
24 33 52
25 8 42
26 68 99
27 35 87
28 20 65
29 9 43
30 67 87
31 3 93
32 68 83
33 10 87
34 71 100
35 9 89
36 10 14
37 75 93
38 76 76
39 63 96
40 25 61
41 10 46
42 10 96
43 88 91
44 57 65
45 61 94
46 52 87
47 18 71
48 53 64
49 48 53
50 22 34
51 89 99
52 44 60
53 42 43
54 90 92
55 63 93
56 58 93
57 71 72
58 65 70
59 53 79
60 1 83
61 22 67
62 63 78
63 7 66
64 73 78
65 54 91
66 84 92
67 79 79
68 42 71
69 6 22
70 39 64
71 86 92
72 12 65
73 58 98
74 56 59
75 48 100
76 25 40
77 16 66
78 62 75
79 79 81
80 6 25
81 51 95
82 53 61
83 10 46
84 83 86
85 76 93
86 2 13
87 22 27
88 20 95
89 88 95
90 10 77
91 75 85
92 66 79
93 30 48
94 83 96
95 53 56
96 83 99
97 1 6
98 2 27
99 5 32
100 89 98
101 65 96
102 19 43
103 45 56
104 19 70
